[Coefficients-2020-03-25]
a=0.05895335
b=0.16472439
